AUC: 0.8100547918869557
Clash royale occurrences:
	STATE_0: 1.2423511959948081
	STATE_1: 22.566289634711666
	STATE_2: 3.4674578156870015
	STATE_3: 32.375301316521416
	STATE_4: 33.20971629890599
	UNKNOWN: 7.13888373817912
Rocket league occurrences:
	STATE_0: 1.550213435183105
	STATE_1: 12.10963828353179
	STATE_2: 2.6286227813974388
	STATE_3: 19.613569984273198
	STATE_4: 32.19501235677376
	UNKNOWN: 31.902943158840706
Timing: 0.004711043205877576