AUC: 0.8902475247524753
Clash royale occurrences:
	STATE_0: 12.475723665957645
	STATE_1: 23.508739480255247
	STATE_2: 32.67363358919819
	UNKNOWN: 31.34190326458892
Rocket league occurrences:
	STATE_0: 9.297411516111993
	STATE_1: 0.0
	STATE_2: 0.0
	UNKNOWN: 90.70258848388801
Timing: 0.0014330272848870498