AUC: 0.6672815533980582
Clash royale occurrences:
	STATE_0: 28.56421902599041
	STATE_1: 5.021448397678526
	STATE_2: 45.52106989654302
	UNKNOWN: 20.893262679788037
Rocket league occurrences:
	STATE_0: 32.01006971340046
	STATE_1: 5.209140201394268
	STATE_2: 22.30828814872192
	UNKNOWN: 40.47250193648335
Timing: 0.0021384418900700516