AUC: 0.7821287128712872
Clash royale occurrences:
	STATE_0: 2.7266699817669484
	STATE_1: 21.813359854135587
	STATE_2: 37.92474722360352
	STATE_3: 12.680258577821979
	STATE_4: 4.674291397314769
	UNKNOWN: 20.180672965357203
Rocket league occurrences:
	STATE_0: 3.1353919239904986
	STATE_1: 5.510688836104513
	STATE_2: 26.270783847981
	STATE_3: 5.605700712589074
	STATE_4: 5.201900237529691
	UNKNOWN: 54.27553444180523
Timing: 0.002109727444838942