AUC: 0.6261386138613863
Clash royale occurrences:
	STATE_0: 2.5630072618539086
	STATE_1: 39.14993592481845
	STATE_2: 34.13071337035455
	STATE_3: 3.4173430158052116
	UNKNOWN: 20.739000427167877
Rocket league occurrences:
	STATE_0: 1.8926626912107856
	STATE_1: 21.545242416385793
	STATE_2: 31.475239823697176
	STATE_3: 4.770547057298419
	UNKNOWN: 40.316308011407834
Timing: 0.009941037894522295