AUC: 0.8025626092020967
Clash royale occurrences:
	STATE_0: 3.4940366201915
	STATE_1: 28.288258021165795
	STATE_2: 49.31967075424156
	UNKNOWN: 18.898034604401143
Rocket league occurrences:
	STATE_0: 5.459494076208774
	STATE_1: 24.927953890489913
	STATE_2: 14.073006724303555
	UNKNOWN: 55.53954530899776
Timing: 0.0014728905687211094