AUC: 0.7959405940594061
Clash royale occurrences:
	STATE_0: 35.629392971246006
	STATE_1: 41.31629392971246
	UNKNOWN: 23.054313099041536
Rocket league occurrences:
	STATE_0: 12.549769071508202
	STATE_1: 25.87991718426501
	UNKNOWN: 61.57031374422679
Timing: 0.0014832903726808436