AUC: 0.73505
Clash royale occurrences:
	STATE_0: 12.256267409470752
	STATE_1: 22.081539630286148
	STATE_2: 20.194986072423397
	STATE_3: 11.445935679918968
	UNKNOWN: 34.02127120790073
Rocket league occurrences:
	STATE_0: 7.28718118582312
	STATE_1: 7.47764160317986
	STATE_2: 0.0
	STATE_3: 26.05995362702882
	UNKNOWN: 59.175223583968204
Timing: 0.0012126315063009647