AUC: 0.7086
Clash royale occurrences:
	STATE_0: 78.2991202346041
	STATE_1: 1.8991760927244798
	STATE_2: 10.69217520830424
	UNKNOWN: 9.109528464367173
Rocket league occurrences:
	STATE_0: 45.82750321822354
	STATE_1: 2.350702412268428
	STATE_2: 8.507303968209548
	UNKNOWN: 43.314490401298485
Timing: 0.0009126062687722107