AUC: 0.6771287128712872
Clash royale occurrences:
	STATE_0: 6.859578865779616
	STATE_1: 68.28575119493605
	UNKNOWN: 24.854669939284328
Rocket league occurrences:
	STATE_0: 6.160602258469259
	STATE_1: 39.52321204516939
	UNKNOWN: 54.31618569636135
Timing: 0.002985563590272322