AUC: 0.786886041545331
Clash royale occurrences:
	STATE_0: 4.699626329405001
	STATE_1: 31.201494682379995
	STATE_2: 42.19603334291463
	STATE_3: 5.41822362747916
	UNKNOWN: 16.484622017821213
Rocket league occurrences:
	STATE_0: 6.055827156599905
	STATE_1: 24.55448667402618
	STATE_2: 13.262892288282604
	STATE_3: 6.402775587446776
	UNKNOWN: 49.724018293644534
Timing: 0.0016838678496337352