AUC: 0.7546534653465347
Clash royale occurrences:
	STATE_0: 6.2023939064200215
	STATE_1: 27.374475361417687
	STATE_2: 43.04368101974195
	UNKNOWN: 23.37944971242033
Rocket league occurrences:
	STATE_0: 6.101525381345336
	STATE_1: 7.201800450112527
	STATE_2: 27.656914228557138
	UNKNOWN: 59.03975993998499
Timing: 0.002333715243615512