AUC: 0.7705000000000001
Clash royale occurrences:
	STATE_0: 23.858906010370262
	STATE_1: 63.1271452567005
	UNKNOWN: 13.013948732929235
Rocket league occurrences:
	STATE_0: 14.278995390838114
	STATE_1: 32.53692032734456
	UNKNOWN: 53.18408428181732
Timing: 0.0015552147637296807