AUC: 0.9149009900990098
Clash royale occurrences:
	STATE_0: 14.621170427444504
	STATE_1: 44.863327829756
	STATE_2: 27.655476059438634
	UNKNOWN: 12.86002568336085
Rocket league occurrences:
	STATE_0: 9.297411516111993
	STATE_1: 27.70734284204966
	STATE_2: 0.0
	UNKNOWN: 62.99524564183835
Timing: 0.0014493791084879163