AUC: 0.6342718446601942
Clash royale occurrences:
	STATE_0: 1.543014161910801
	STATE_1: 34.79179877404354
	STATE_2: 35.53160008454872
	STATE_3: 2.8535193405199744
	STATE_4: 2.768970619319383
	UNKNOWN: 22.511097019657576
Rocket league occurrences:
	STATE_0: 1.3524057217165149
	STATE_1: 21.482444733420024
	STATE_2: 31.131339401820547
	STATE_3: 3.2509752925877766
	STATE_4: 1.7685305591677505
	UNKNOWN: 41.01430429128739
Timing: 0.005285842800042422