AUC: 0.67845
Clash royale occurrences:
	STATE_0: 6.477322127227938
	STATE_1: 69.43921170844806
	UNKNOWN: 24.08346616432401
Rocket league occurrences:
	STATE_0: 6.160602258469259
	STATE_1: 39.52321204516939
	UNKNOWN: 54.31618569636135
Timing: 0.002958798831914594