AUC: 0.8117821782178217
Clash royale occurrences:
	STATE_0: 6.1394592396828624
	STATE_1: 48.87172189469404
	STATE_2: 2.9070949379955273
	STATE_3: 25.12705834519211
	UNKNOWN: 16.954665582435453
Rocket league occurrences:
	STATE_0: 15.651781686964366
	STATE_1: 21.94406856111863
	STATE_2: 2.616147947677041
	STATE_3: 19.66621560667569
	UNKNOWN: 40.121786197564276
Timing: 0.0025422524822095