AUC: 0.8256053328105087
Clash royale occurrences:
	STATE_0: 32.0556640625
	STATE_1: 52.001953125
	STATE_2: 3.515625
	UNKNOWN: 12.4267578125
Rocket league occurrences:
	STATE_0: 23.593466424682397
	STATE_1: 31.533575317604356
	STATE_2: 3.0852994555353903
	UNKNOWN: 41.78765880217786
Timing: 0.004843776512822579