AUC: 0.6071844660194174
Clash royale occurrences:
	STATE_0: 3.3188463058079813
	STATE_1: 33.899644409324374
	STATE_2: 30.106677202686683
	UNKNOWN: 32.674832082180956
Rocket league occurrences:
	STATE_0: 2.5500910746812386
	STATE_1: 22.690606297163672
	STATE_2: 31.147540983606557
	UNKNOWN: 43.61176164454853
Timing: 0.004750745657826891