AUC: 0.6363812851873422
Clash royale occurrences:
	STATE_0: 2.8846153846153846
	STATE_1: 34.54830053667263
	STATE_2: 36.80679785330948
	STATE_3: 3.8685152057245076
	UNKNOWN: 21.891771019677996
Rocket league occurrences:
	STATE_0: 1.8926626912107856
	STATE_1: 21.545242416385793
	STATE_2: 31.475239823697176
	STATE_3: 4.770547057298419
	UNKNOWN: 40.316308011407834
Timing: 0.00974721686369556