AUC: 0.8715196078431372
Clash royale occurrences:
	STATE_0: 3.67834608672305
	STATE_1: 9.128742113035306
	STATE_2: 40.260437642636596
	STATE_3: 5.423546784803329
	STATE_4: 25.882668814605985
	UNKNOWN: 15.62625855819573
Rocket league occurrences:
	STATE_0: 3.849079567929408
	STATE_1: 30.35143769968051
	STATE_2: 10.710482275977483
	STATE_3: 6.070287539936102
	STATE_4: 0.0
	UNKNOWN: 49.018712916476495
Timing: 0.0017642190686938143