AUC: 0.7803883495145632
Clash royale occurrences:
	STATE_0: 3.490471414242728
	STATE_1: 2.547642928786359
	STATE_2: 28.124373119358076
	STATE_3: 32.2567703109328
	STATE_4: 17.41223671013039
	UNKNOWN: 16.16850551654965
Rocket league occurrences:
	STATE_0: 4.886860619889713
	STATE_1: 4.525575204411485
	STATE_2: 21.71515497242822
	STATE_3: 28.047157254230843
	STATE_4: 0.7035558090891805
	UNKNOWN: 40.121696139950565
Timing: 0.001956241479395896