AUC: 0.7391089108910891
Clash royale occurrences:
	STATE_0: 4.546596332579754
	STATE_1: 23.926149208741524
	STATE_2: 31.185631750816377
	STATE_3: 13.740266264757597
	UNKNOWN: 26.601356443104745
Rocket league occurrences:
	STATE_0: 5.713267608979688
	STATE_1: 5.95082551371897
	STATE_2: 26.27390426416439
	STATE_3: 6.0102149899037896
	UNKNOWN: 56.05178762323316
Timing: 0.0020657201071840963