AUC: 0.5139999999999999
Clash royale occurrences:
	STATE_0: 6.966086159486709
	STATE_1: 87.99266727772685
	UNKNOWN: 5.0412465627864345
Rocket league occurrences:
	STATE_0: 5.9344091618948465
	STATE_1: 88.28735033836543
	UNKNOWN: 5.778240499739719
Timing: 0.015630066690846222