AUC: 0.8936
Clash royale occurrences:
	STATE_0: 44.49250802711381
	STATE_1: 1.8417766678558687
	STATE_2: 11.336068498037816
	STATE_3: 29.535319300749197
	UNKNOWN: 12.794327506243311
Rocket league occurrences:
	STATE_0: 8.373013749933122
	STATE_1: 2.247070782729656
	STATE_2: 8.132256166069231
	STATE_3: 0.0
	UNKNOWN: 81.24765930126799
Timing: 0.0008817780386292817