AUC: 0.6975437928408226
Clash royale occurrences:
	STATE_0: 4.393128696141932
	STATE_1: 4.0833568009011545
	STATE_2: 31.540411151788227
	STATE_3: 43.62151506617854
	UNKNOWN: 16.361588284990145
Rocket league occurrences:
	STATE_0: 5.090628615503278
	STATE_1: 4.743540300809872
	STATE_2: 25.510991129965294
	STATE_3: 26.590821442344776
	UNKNOWN: 38.06401851137679
Timing: 0.002237464724281032