AUC: 0.7725742574257426
Clash royale occurrences:
	STATE_0: 37.29061636038381
	STATE_1: 44.83655879004716
	STATE_2: 4.195804195804196
	UNKNOWN: 13.67702065376484
Rocket league occurrences:
	STATE_0: 23.593466424682397
	STATE_1: 31.533575317604356
	STATE_2: 3.0852994555353903
	UNKNOWN: 41.78765880217786
Timing: 0.0047767839866928495