AUC: 0.7526732673267327
Clash royale occurrences:
	STATE_0: 2.5192951798456384
	STATE_1: 16.062327071501382
	STATE_2: 40.32328527741372
	STATE_3: 9.145187126838502
	STATE_4: 5.358963157128295
	UNKNOWN: 26.590942187272464
Rocket league occurrences:
	STATE_0: 2.434679334916865
	STATE_1: 5.510688836104513
	STATE_2: 26.270783847981
	STATE_3: 5.605700712589074
	STATE_4: 5.201900237529691
	UNKNOWN: 54.97624703087885
Timing: 0.00208684585718408