AUC: 0.7351499423298732
Clash royale occurrences:
	STATE_0: 4.984283789851818
	STATE_1: 25.392905253704534
	STATE_2: 43.73596766951055
	STATE_3: 6.174225415356982
	UNKNOWN: 19.71261787157611
Rocket league occurrences:
	STATE_0: 6.055827156599905
	STATE_1: 24.55448667402618
	STATE_2: 13.262892288282604
	STATE_3: 6.402775587446776
	UNKNOWN: 49.724018293644534
Timing: 0.0016786183766031543