AUC: 0.7088235294117647
Clash royale occurrences:
	STATE_0: 34.42851453604142
	STATE_1: 4.739147749900438
	STATE_2: 46.03743528474711
	UNKNOWN: 14.794902429311033
Rocket league occurrences:
	STATE_0: 32.01006971340046
	STATE_1: 5.209140201394268
	STATE_2: 22.30828814872192
	UNKNOWN: 40.47250193648335
Timing: 0.002103919493375277