AUC: 0.5726399372610529
Clash royale occurrences:
	STATE_0: 71.43145976546704
	STATE_1: 4.811969268095431
	UNKNOWN: 23.756570966437526
Rocket league occurrences:
	STATE_0: 61.09268292682927
	STATE_1: 3.8048780487804876
	UNKNOWN: 35.10243902439024
Timing: 0.007008192621612442