AUC: 0.8412444185595032
Clash royale occurrences:
	STATE_0: 16.373040245676417
	STATE_1: 43.05802489090028
	STATE_2: 3.4103765960885726
	STATE_3: 31.469209633101663
	UNKNOWN: 5.6893486342330695
Rocket league occurrences:
	STATE_0: 18.245376635092466
	STATE_1: 21.94406856111863
	STATE_2: 2.616147947677041
	STATE_3: 19.66621560667569
	UNKNOWN: 37.528191249436176
Timing: 0.0025098476828103295