AUC: 0.8455392156862744
Clash royale occurrences:
	STATE_0: 8.54030944625407
	STATE_1: 19.696661237785015
	STATE_2: 35.362377850162865
	STATE_3: 6.993078175895766
	UNKNOWN: 29.407573289902277
Rocket league occurrences:
	STATE_0: 7.28718118582312
	STATE_1: 7.47764160317986
	STATE_2: 0.0
	STATE_3: 26.05995362702882
	UNKNOWN: 59.175223583968204
Timing: 0.001227635740842507