AUC: 0.6109102297639724
Clash royale occurrences:
	STATE_0: 2888
	STATE_1: 1750
	STATE_2: 248
	UNKNOWN: 405
Rocket league occurrences:
	STATE_0: 2303
	STATE_1: 1092
	STATE_2: 163
	UNKNOWN: 853
Timing: 0.003650271297279288