AUC: 0.5984836490136028
Clash royale occurrences:
	STATE_0: 1706
	STATE_1: 1566
	STATE_2: 212
	STATE_3: 131
	UNKNOWN: 1009
Rocket league occurrences:
	STATE_0: 1197
	STATE_1: 831
	STATE_2: 211
	STATE_3: 66
	UNKNOWN: 1534
Timing: 0.008165852624528286