AUC: 0.6181754812016549
Clash royale occurrences:
	STATE_0: 6539
	STATE_1: 502
	UNKNOWN: 472
Rocket league occurrences:
	STATE_0: 3076
	STATE_1: 442
	UNKNOWN: 2710
Timing: 0.001797494051362846