AUC: 0.5697181312851587
Clash royale occurrences:
	STATE_0: 2179
	STATE_1: 0
	STATE_2: 225
	STATE_3: 2707
	STATE_4: 253
	UNKNOWN: 2897
Rocket league occurrences:
	STATE_0: 1483
	STATE_1: 0
	STATE_2: 157
	STATE_3: 0
	STATE_4: 257
	UNKNOWN: 4452
Timing: 0.0029396382532790944