AUC: 0.5960412601059379
Clash royale occurrences:
	STATE_0: 10781
	STATE_1: 555
	UNKNOWN: 2128
Rocket league occurrences:
	STATE_0: 4373
	STATE_1: 508
	UNKNOWN: 5466
Timing: 0.0016866048293453456