AUC: 0.6779710144927537
Clash royale occurrences:
	STATE_0: 3442
	STATE_1: 2308
	STATE_2: 3680
	STATE_3: 526
	UNKNOWN: 764
Rocket league occurrences:
	STATE_0: 2151
	STATE_1: 1388
	STATE_2: 0
	STATE_3: 476
	UNKNOWN: 4211
Timing: 0.002408429507885129