AUC: 0.6936482875880495
Clash royale occurrences:
	STATE_0: 266
	STATE_1: 4509
	STATE_2: 2336
	STATE_3: 5394
	STATE_4: 112
	UNKNOWN: 2358
Rocket league occurrences:
	STATE_0: 306
	STATE_1: 0
	STATE_2: 1518
	STATE_3: 0
	STATE_4: 107
	UNKNOWN: 9587
Timing: 0.0014084757181990646