AUC: 0.6578742409307192
Clash royale occurrences:
	STATE_0: 209
	STATE_1: 1577
	STATE_2: 1161
	STATE_3: 1312
	STATE_4: 131
	UNKNOWN: 371
Rocket league occurrences:
	STATE_0: 210
	STATE_1: 947
	STATE_2: 1151
	STATE_3: 0
	STATE_4: 64
	UNKNOWN: 1498
Timing: 0.006572687731341072