AUC: 0.5892074960487695
Clash royale occurrences:
	STATE_0: 3930
	STATE_1: 259
	UNKNOWN: 1112
Rocket league occurrences:
	STATE_0: 2609
	STATE_1: 214
	UNKNOWN: 1579
Timing: 0.0060345623947408505