AUC: 0.5852097744296878
Clash royale occurrences:
	STATE_0: 1830
	STATE_1: 198
	STATE_2: 1650
	STATE_3: 175
	STATE_4: 1408
	UNKNOWN: 406
Rocket league occurrences:
	STATE_0: 1407
	STATE_1: 200
	STATE_2: 0
	STATE_3: 132
	STATE_4: 1299
	UNKNOWN: 1440
Timing: 0.0044241511507420875