AUC: 0.617787823798457
Clash royale occurrences:
	STATE_0: 544
	STATE_1: 8666
	STATE_2: 2339
	UNKNOWN: 1813
Rocket league occurrences:
	STATE_0: 494
	STATE_1: 3459
	STATE_2: 1518
	UNKNOWN: 5250
Timing: 0.0017688969548886237