AUC: 0.5726392251815982
Clash royale occurrences:
	STATE_0: 2707
	STATE_1: 0
	STATE_2: 2179
	STATE_3: 462
	UNKNOWN: 2899
Rocket league occurrences:
	STATE_0: 0
	STATE_1: 0
	STATE_2: 1483
	STATE_3: 402
	UNKNOWN: 4489
Timing: 0.0016924408279639486