AUC: 0.5694462901439646
Clash royale occurrences:
	STATE_0: 18691
	STATE_1: 539
	UNKNOWN: 2036
Rocket league occurrences:
	STATE_0: 7785
	STATE_1: 594
	UNKNOWN: 8584
Timing: 0.0010509124276998232