AUC: 0.7001983895437041
Clash royale occurrences:
	STATE_0: 2337
	STATE_1: 9383
	STATE_2: 539
	STATE_3: 9219
	UNKNOWN: 4370
Rocket league occurrences:
	STATE_0: 1520
	STATE_1: 1565
	STATE_2: 594
	STATE_3: 0
	UNKNOWN: 15174
Timing: 0.0009107218361279531