AUC: 0.7687427912341407
Clash royale occurrences:
	STATE_0: 5.178173719376392
	STATE_1: 29.19450631031923
	STATE_2: 44.59910913140312
	UNKNOWN: 21.028210838901263
Rocket league occurrences:
	STATE_0: 5.459494076208774
	STATE_1: 24.927953890489913
	STATE_2: 14.073006724303555
	UNKNOWN: 55.53954530899776
Timing: 0.0014925664705349125