AUC: 0.6461348057882711
Clash royale occurrences:
	STATE_0: 1.9867549668874174
	STATE_1: 39.71057149865097
	STATE_2: 30.144714250674514
	STATE_3: 3.77728722099583
	UNKNOWN: 24.380672062791266
Rocket league occurrences:
	STATE_0: 1.5815400570391496
	STATE_1: 21.545242416385793
	STATE_2: 31.475239823697176
	STATE_3: 4.770547057298419
	UNKNOWN: 40.627430645579466
Timing: 0.009805439787249218