AUC: 0.790331974373908
Clash royale occurrences:
	STATE_0: 8.59538784067086
	STATE_1: 46.610761705101325
	STATE_2: 3.2145352900069883
	STATE_3: 26.275331935709296
	UNKNOWN: 15.30398322851153
Rocket league occurrences:
	STATE_0: 17.117726657645466
	STATE_1: 21.94406856111863
	STATE_2: 2.616147947677041
	STATE_3: 19.66621560667569
	UNKNOWN: 38.655841226883176
Timing: 0.0024862271304549126