AUC: 0.8131916132789749
Clash royale occurrences:
	STATE_0: 36.064981949458485
	STATE_1: 48.05054151624549
	STATE_2: 3.5198555956678703
	UNKNOWN: 12.364620938628159
Rocket league occurrences:
	STATE_0: 23.593466424682397
	STATE_1: 31.533575317604356
	STATE_2: 3.0852994555353903
	UNKNOWN: 41.78765880217786
Timing: 0.004866790325554753