AUC: 0.6364308830328248
Clash royale occurrences:
	STATE_0: 1.2720439433362243
	STATE_1: 35.8485111303845
	STATE_2: 30.586874819311937
	STATE_3: 2.486267707429893
	STATE_4: 2.312807169702226
	UNKNOWN: 27.49349522983521
Rocket league occurrences:
	STATE_0: 0.988296488946684
	STATE_1: 21.482444733420024
	STATE_2: 31.131339401820547
	STATE_3: 3.1209362808842656
	STATE_4: 1.5604681404421328
	UNKNOWN: 41.71651495448634
Timing: 0.0052566894330345225