AUC: 0.8288
Clash royale occurrences:
	STATE_0: 33.13465326008085
	STATE_1: 2.0317197056079612
	STATE_2: 9.650668601637815
	STATE_3: 33.03617704986006
	UNKNOWN: 22.14678138281331
Rocket league occurrences:
	STATE_0: 8.373013749933122
	STATE_1: 2.247070782729656
	STATE_2: 8.132256166069231
	STATE_3: 0.0
	UNKNOWN: 81.24765930126799
Timing: 0.0008662440945894163