AUC: 0.71885
Clash royale occurrences:
	STATE_0: 35.727659574468085
	STATE_1: 4.817021276595745
	STATE_2: 44.18723404255319
	UNKNOWN: 15.268085106382978
Rocket league occurrences:
	STATE_0: 32.01006971340046
	STATE_1: 5.209140201394268
	STATE_2: 22.30828814872192
	UNKNOWN: 40.47250193648335
Timing: 0.002147874787530838