AUC: 0.7667875698460935
Clash royale occurrences:
	STATE_0: 3.740344220084022
	STATE_1: 3.415096896598455
	STATE_2: 42.404119799430816
	STATE_3: 41.685865293400184
	UNKNOWN: 8.754573790486516
Rocket league occurrences:
	STATE_0: 5.090628615503278
	STATE_1: 4.743540300809872
	STATE_2: 25.510991129965294
	STATE_3: 26.590821442344776
	UNKNOWN: 38.06401851137679
Timing: 0.0022640445756146555