AUC: 0.75725
Clash royale occurrences:
	STATE_0: 83.51735327872096
	STATE_1: 1.9114329811231154
	STATE_2: 13.42356246784598
	UNKNOWN: 1.147651272309945
Rocket league occurrences:
	STATE_0: 45.82750321822354
	STATE_1: 2.350702412268428
	STATE_2: 8.507303968209548
	UNKNOWN: 43.314490401298485
Timing: 0.0009399784071566056