AUC: 0.8246500000000001
Clash royale occurrences:
	STATE_0: 32.79991793609273
	STATE_1: 1.9695337744268349
	STATE_2: 9.550187208288454
	STATE_3: 32.692209057803765
	STATE_4: 1.7438580294404267
	UNKNOWN: 21.24429399394779
Rocket league occurrences:
	STATE_0: 8.230344464896135
	STATE_1: 2.103602419142782
	STATE_2: 7.993689192742572
	STATE_3: 0.0
	STATE_4: 2.377070733631344
	UNKNOWN: 79.29529318958717
Timing: 0.0009222543118647612