AUC: 0.8418782472306636
Clash royale occurrences:
	STATE_0: 15.446299461022742
	STATE_1: 30.44564217168397
	STATE_2: 21.19100828184567
	UNKNOWN: 32.91705008544761
Rocket league occurrences:
	STATE_0: 9.297411516111993
	STATE_1: 0.0
	STATE_2: 0.0
	UNKNOWN: 90.70258848388801
Timing: 0.0014343148168684573