AUC: 0.7814000000000001
Clash royale occurrences:
	STATE_0: 5.202785743547726
	STATE_1: 33.15239655878738
	STATE_2: 40.843916427693564
	UNKNOWN: 20.800901269971323
Rocket league occurrences:
	STATE_0: 6.101525381345336
	STATE_1: 7.201800450112527
	STATE_2: 27.656914228557138
	UNKNOWN: 59.03975993998499
Timing: 0.0024002267416508224