AUC: 0.5492137449039022
Clash royale occurrences:
	STATE_0: 64.18570375829034
	STATE_1: 5.57602554654876
	UNKNOWN: 30.238270695160896
Rocket league occurrences:
	STATE_0: 59.26851431167651
	STATE_1: 4.861426624261699
	UNKNOWN: 35.870059064061785
Timing: 0.005627336503630057