AUC: 0.8089992531740104
Clash royale occurrences:
	STATE_0: 3.5769349367869254
	STATE_1: 2.929386370644465
	STATE_2: 34.21214924452667
	STATE_3: 29.494295405488746
	STATE_4: 15.371569534381745
	UNKNOWN: 14.415664508171448
Rocket league occurrences:
	STATE_0: 4.886860619889713
	STATE_1: 4.525575204411485
	STATE_2: 21.71515497242822
	STATE_3: 28.047157254230843
	STATE_4: 0.7035558090891805
	UNKNOWN: 40.121696139950565
Timing: 0.0019028420769934811