AUC: 0.6865686274509804
Clash royale occurrences:
	STATE_0: 3.470388532629196
	STATE_1: 42.26706903055451
	STATE_2: 33.345907204828364
	UNKNOWN: 20.91663523198793
Rocket league occurrences:
	STATE_0: 3.096539162112933
	STATE_1: 22.690606297163672
	STATE_2: 31.147540983606557
	UNKNOWN: 43.06531355711684
Timing: 0.004676346926805798