AUC: 0.775353263481688
Clash royale occurrences:
	STATE_0: 1.928079571537873
	STATE_1: 3.198163733741392
	STATE_2: 43.59602142310635
	STATE_3: 41.17827084927315
	UNKNOWN: 10.099464422341239
Rocket league occurrences:
	STATE_0: 3.008098727342846
	STATE_1: 4.743540300809872
	STATE_2: 25.510991129965294
	STATE_3: 26.590821442344776
	UNKNOWN: 40.14654839953721
Timing: 0.00220116702289275