AUC: 0.6752941176470588
Clash royale occurrences:
	STATE_0: 31.59263705482193
	STATE_1: 5.08203281312525
	STATE_2: 42.61704681872749
	UNKNOWN: 20.708283313325328
Rocket league occurrences:
	STATE_0: 32.01006971340046
	STATE_1: 5.209140201394268
	STATE_2: 22.30828814872192
	UNKNOWN: 40.47250193648335
Timing: 0.002121878844909311