AUC: 0.75005
Clash royale occurrences:
	STATE_0: 80.6966917448212
	STATE_1: 1.834484180150469
	STATE_2: 15.691023394826342
	UNKNOWN: 1.7778006802019994
Rocket league occurrences:
	STATE_0: 45.82750321822354
	STATE_1: 2.350702412268428
	STATE_2: 8.507303968209548
	UNKNOWN: 43.314490401298485
Timing: 0.0009496265500786902