AUC: 0.9634
Clash royale occurrences:
	STATE_0: 54.5421321917093
	STATE_1: 1.4618356479064425
	STATE_2: 13.22439177195364
	STATE_3: 26.636733841495246
	UNKNOWN: 4.134906546935365
Rocket league occurrences:
	STATE_0: 8.373013749933122
	STATE_1: 2.247070782729656
	STATE_2: 8.132256166069231
	STATE_3: 0.0
	UNKNOWN: 81.24765930126799
Timing: 0.0008639732686719889