AUC: 0.7661499999999999
Clash royale occurrences:
	STATE_0: 2.3697523741901128
	STATE_1: 23.626519925445994
	STATE_2: 34.65873790716251
	STATE_3: 13.641608236442709
	STATE_4: 3.9939646756013136
	UNKNOWN: 21.709416881157363
Rocket league occurrences:
	STATE_0: 3.1353919239904986
	STATE_1: 5.510688836104513
	STATE_2: 26.270783847981
	STATE_3: 5.605700712589074
	STATE_4: 5.201900237529691
	UNKNOWN: 54.27553444180523
Timing: 0.0020884660363581268