AUC: 0.7347117064647641
Clash royale occurrences:
	STATE_0: 36.20313429875025
	STATE_1: 41.71791311247768
	STATE_2: 4.3443761158500305
	UNKNOWN: 17.73457647292204
Rocket league occurrences:
	STATE_0: 23.593466424682397
	STATE_1: 31.533575317604356
	STATE_2: 3.0852994555353903
	UNKNOWN: 41.78765880217786
Timing: 0.004790252080005201