AUC: 0.6468973630036272
Clash royale occurrences:
	STATE_0: 8.381171067738231
	STATE_1: 18.148269640806955
	STATE_2: 20.854518615712646
	STATE_3: 19.77201902575037
	STATE_4: 4.182384779399705
	UNKNOWN: 28.661636870592094
Rocket league occurrences:
	STATE_0: 7.774256030991372
	STATE_1: 7.404472618418735
	STATE_2: 0.11445677055819686
	STATE_3: 29.749955978165172
	STATE_4: 4.349357281211481
	UNKNOWN: 50.60750132065505
Timing: 0.0014308664305034107