AUC: 0.6737000000000001
Clash royale occurrences:
	STATE_0: 73.59117955897794
	STATE_1: 2.2867810057169526
	STATE_2: 10.862209777155526
	UNKNOWN: 13.259829658149574
Rocket league occurrences:
	STATE_0: 45.82750321822354
	STATE_1: 2.350702412268428
	STATE_2: 8.507303968209548
	UNKNOWN: 43.314490401298485
Timing: 0.0009812800869596497