AUC: 0.6418316831683168
Clash royale occurrences:
	STATE_0: 8.269329237071172
	STATE_1: 17.76753712237583
	STATE_2: 19.994879672299028
	STATE_3: 20.575183478409283
	STATE_4: 4.1816009557945035
	UNKNOWN: 29.211469534050178
Rocket league occurrences:
	STATE_0: 7.774256030991372
	STATE_1: 7.404472618418735
	STATE_2: 0.11445677055819686
	STATE_3: 29.749955978165172
	STATE_4: 4.349357281211481
	UNKNOWN: 50.60750132065505
Timing: 0.0014400399041853116