AUC: 0.5175742574257426
Clash royale occurrences:
	STATE_0: 6.85532084495815
	STATE_1: 88.44161020326824
	UNKNOWN: 4.7030689517736155
Rocket league occurrences:
	STATE_0: 5.9344091618948465
	STATE_1: 88.28735033836543
	UNKNOWN: 5.778240499739719
Timing: 0.01586971717747247