AUC: 0.7686244352590599
Clash royale occurrences:
	STATE_0: 1.715102429728442
	STATE_1: 19.080514530728916
	STATE_2: 4.049547403525489
	STATE_3: 33.373034778465936
	STATE_4: 31.133873272987138
	UNKNOWN: 10.647927584564078
Rocket league occurrences:
	STATE_0: 1.550213435183105
	STATE_1: 12.10963828353179
	STATE_2: 2.6286227813974388
	STATE_3: 19.613569984273198
	STATE_4: 32.19501235677376
	UNKNOWN: 31.902943158840706
Timing: 0.00454794314438995