AUC: 0.8910999999999999
Clash royale occurrences:
	STATE_0: 36.7892707998715
	STATE_1: 1.6382910375843238
	STATE_2: 9.223417924831352
	STATE_3: 36.14680372630903
	UNKNOWN: 16.20221651140379
Rocket league occurrences:
	STATE_0: 8.373013749933122
	STATE_1: 2.247070782729656
	STATE_2: 8.132256166069231
	STATE_3: 0.0
	UNKNOWN: 81.24765930126799
Timing: 0.000879113489771633