AUC: 0.804264705882353
Clash royale occurrences:
	STATE_0: 10.195654311277162
	STATE_1: 21.207354242454034
	STATE_2: 31.019565431127717
	STATE_3: 8.779864320125847
	UNKNOWN: 28.79756169501524
Rocket league occurrences:
	STATE_0: 7.28718118582312
	STATE_1: 7.47764160317986
	STATE_2: 0.0
	STATE_3: 26.05995362702882
	UNKNOWN: 59.175223583968204
Timing: 0.0012296613085584004