AUC: 0.6736633663366336
Clash royale occurrences:
	STATE_0: 11.041314327132158
	STATE_1: 19.553837480872996
	STATE_2: 18.426350970443746
	STATE_3: 18.965933800434886
	STATE_4: 3.9059354111299025
	UNKNOWN: 28.106628009986306
Rocket league occurrences:
	STATE_0: 7.774256030991372
	STATE_1: 7.404472618418735
	STATE_2: 0.11445677055819686
	STATE_3: 29.749955978165172
	STATE_4: 4.349357281211481
	UNKNOWN: 50.60750132065505
Timing: 0.0014221745426003947