AUC: 0.8948499999999999
Clash royale occurrences:
	STATE_0: 37.862312626487835
	STATE_1: 1.7562515007031865
	STATE_2: 9.772579151373787
	STATE_3: 34.05481425582273
	STATE_4: 1.31718862552739
	UNKNOWN: 15.236853840085068
Rocket league occurrences:
	STATE_0: 8.230344464896135
	STATE_1: 2.103602419142782
	STATE_2: 7.993689192742572
	STATE_3: 0.0
	STATE_4: 2.377070733631344
	UNKNOWN: 79.29529318958717
Timing: 0.0008876035130274988