AUC: 0.7776237623762376
Clash royale occurrences:
	STATE_0: 13.151790216843168
	STATE_1: 64.47806354009077
	UNKNOWN: 22.37014624306606
Rocket league occurrences:
	STATE_0: 8.305897845922303
	STATE_1: 32.53692032734456
	UNKNOWN: 59.157181826733144
Timing: 0.0015484116732370243