AUC: 0.7962
Clash royale occurrences:
	STATE_0: 32.58064516129032
	STATE_1: 2.539288668320926
	STATE_2: 10.157154673283705
	STATE_3: 28.701406120760957
	UNKNOWN: 26.021505376344084
Rocket league occurrences:
	STATE_0: 8.373013749933122
	STATE_1: 2.247070782729656
	STATE_2: 8.132256166069231
	STATE_3: 0.0
	UNKNOWN: 81.24765930126799
Timing: 0.0008593506676347734