AUC: 0.64505
Clash royale occurrences:
	STATE_0: 3.0274059910771194
	STATE_1: 43.11663479923518
	STATE_2: 27.08731676226896
	UNKNOWN: 26.76864244741874
Rocket league occurrences:
	STATE_0: 2.5500910746812386
	STATE_1: 22.690606297163672
	STATE_2: 31.147540983606557
	UNKNOWN: 43.61176164454853
Timing: 0.004775085917608797