AUC: 0.8672772277227723
Clash royale occurrences:
	STATE_0: 1.9575177009579343
	STATE_1: 8.725531028738025
	STATE_2: 41.21199500208246
	STATE_3: 5.008329862557267
	STATE_4: 28.49854227405248
	UNKNOWN: 14.598084131611827
Rocket league occurrences:
	STATE_0: 1.4909478168264112
	STATE_1: 30.35143769968051
	STATE_2: 10.710482275977483
	STATE_3: 6.070287539936102
	STATE_4: 0.0
	UNKNOWN: 51.37684466757949
Timing: 0.0017395266682506843