AUC: 0.7999
Clash royale occurrences:
	STATE_0: 2.952710495963091
	STATE_1: 13.886966551326413
	STATE_2: 33.51787773933103
	STATE_3: 7.0588235294117645
	STATE_4: 21.614763552479815
	UNKNOWN: 20.968858131487888
Rocket league occurrences:
	STATE_0: 1.4909478168264112
	STATE_1: 30.35143769968051
	STATE_2: 10.710482275977483
	STATE_3: 6.070287539936102
	STATE_4: 0.0
	UNKNOWN: 51.37684466757949
Timing: 0.0017721348544968403