AUC: 0.9258910891089109
Clash royale occurrences:
	STATE_0: 13.178957658703489
	STATE_1: 32.2905847131423
	STATE_2: 33.44534734526792
	UNKNOWN: 21.085110282886298
Rocket league occurrences:
	STATE_0: 9.297411516111993
	STATE_1: 0.0
	STATE_2: 0.0
	UNKNOWN: 90.70258848388801
Timing: 0.0014521272613560018