AUC: 0.6355259288305068
Clash royale occurrences:
	STATE_0: 9.858084135833757
	STATE_1: 19.46274708565636
	STATE_2: 18.668694036154758
	STATE_3: 18.440614968744722
	STATE_4: 2.1287379624936644
	UNKNOWN: 31.44112181111674
Rocket league occurrences:
	STATE_0: 7.774256030991372
	STATE_1: 7.404472618418735
	STATE_2: 0.11445677055819686
	STATE_3: 29.749955978165172
	STATE_4: 2.1746786406057406
	UNKNOWN: 52.78217996126079
Timing: 0.0014592740801953005