AUC: 0.6607685521027351
Clash royale occurrences:
	STATE_0: 84.90196078431373
	STATE_1: 3.7611408199643495
	UNKNOWN: 11.336898395721926
Rocket league occurrences:
	STATE_0: 61.09268292682927
	STATE_1: 3.8048780487804876
	UNKNOWN: 35.10243902439024
Timing: 0.006988416372587151