AUC: 0.5332999999999999
Clash royale occurrences:
	STATE_0: 4.571428571428571
	STATE_1: 90.95238095238095
	UNKNOWN: 4.476190476190476
Rocket league occurrences:
	STATE_0: 5.3878188443519
	STATE_1: 88.28735033836543
	UNKNOWN: 6.324830817282666
Timing: 0.015442993544602771