AUC: 0.7693000000000001
Clash royale occurrences:
	STATE_0: 24.41217721310123
	STATE_1: 63.65811401699529
	UNKNOWN: 11.929708769903472
Rocket league occurrences:
	STATE_0: 14.278995390838114
	STATE_1: 32.53692032734456
	UNKNOWN: 53.18408428181732
Timing: 0.0015924108778491