AUC: 0.7466654568550948
Clash royale occurrences:
	STATE_0: 1.1705685618729096
	STATE_1: 21.438127090301005
	STATE_2: 3.177257525083612
	STATE_3: 22.876254180602007
	STATE_4: 38.29431438127091
	UNKNOWN: 13.043478260869565
Rocket league occurrences:
	STATE_0: 1.550213435183105
	STATE_1: 12.10963828353179
	STATE_2: 2.6286227813974388
	STATE_3: 19.613569984273198
	STATE_4: 32.19501235677376
	UNKNOWN: 31.902943158840706
Timing: 0.004350796566133395