AUC: 0.7710396039603962
Clash royale occurrences:
	STATE_0: 5.5369127516778525
	STATE_1: 34.65206640762981
	STATE_2: 40.40974920522783
	UNKNOWN: 19.4012716354645
Rocket league occurrences:
	STATE_0: 6.101525381345336
	STATE_1: 7.201800450112527
	STATE_2: 27.656914228557138
	UNKNOWN: 59.03975993998499
Timing: 0.002378107411526786