AUC: 0.7487864077669902
Clash royale occurrences:
	STATE_0: 2.1200980392156863
	STATE_1: 19.91421568627451
	STATE_2: 37.0343137254902
	STATE_3: 11.776960784313726
	STATE_4: 5.147058823529411
	UNKNOWN: 24.00735294117647
Rocket league occurrences:
	STATE_0: 2.434679334916865
	STATE_1: 5.510688836104513
	STATE_2: 26.270783847981
	STATE_3: 5.605700712589074
	STATE_4: 5.201900237529691
	UNKNOWN: 54.97624703087885
Timing: 0.0021446653652451063