AUC: 0.6105602297008547
Clash royale occurrences:
	STATE_0: 2078
	STATE_1: 1468
	STATE_2: 2075
	STATE_3: 403
	UNKNOWN: 609
Rocket league occurrences:
	STATE_0: 0
	STATE_1: 1139
	STATE_2: 1741
	STATE_3: 350
	UNKNOWN: 2033
Timing: 0.0019044313820717107