AUC: 0.5976466786557266
Clash royale occurrences:
	STATE_0: 1468
	STATE_1: 233
	STATE_2: 2072
	STATE_3: 2078
	STATE_4: 167
	UNKNOWN: 619
Rocket league occurrences:
	STATE_0: 1139
	STATE_1: 237
	STATE_2: 1714
	STATE_3: 0
	STATE_4: 120
	UNKNOWN: 2054
Timing: 0.0027291129901855925