AUC: 0.5702503307214816
Clash royale occurrences:
	STATE_0: 17278
	STATE_1: 2337
	STATE_2: 539
	UNKNOWN: 2370
Rocket league occurrences:
	STATE_0: 8188
	STATE_1: 1520
	STATE_2: 594
	UNKNOWN: 7746
Timing: 0.0009897129345448213