AUC: 0.5592053020585181
Clash royale occurrences:
	STATE_0: 454
	STATE_1: 4135
	STATE_2: 0
	UNKNOWN: 2990
Rocket league occurrences:
	STATE_0: 379
	STATE_1: 1557
	STATE_2: 0
	UNKNOWN: 4401
Timing: 0.0019242115663433675