AUC: 0.5162382779198635
Clash royale occurrences:
	STATE_0: 2832
	STATE_1: 196
	STATE_2: 174
	STATE_3: 1835
	UNKNOWN: 261
Rocket league occurrences:
	STATE_0: 2303
	STATE_1: 200
	STATE_2: 133
	STATE_3: 1271
	UNKNOWN: 525
Timing: 0.004591384217570954