AUC: 0.6598671552908841
Clash royale occurrences:
	STATE_0: 2308
	STATE_1: 3680
	STATE_2: 3442
	STATE_3: 155
	STATE_4: 231
	UNKNOWN: 928
Rocket league occurrences:
	STATE_0: 1388
	STATE_1: 0
	STATE_2: 2151
	STATE_3: 171
	STATE_4: 174
	UNKNOWN: 4363
Timing: 0.0016103855477798922