AUC: 0.6831230062618148
Clash royale occurrences:
	STATE_0: 9383
	STATE_1: 2288
	STATE_2: 9219
	STATE_3: 625
	STATE_4: 539
	UNKNOWN: 3424
Rocket league occurrences:
	STATE_0: 1565
	STATE_1: 1520
	STATE_2: 0
	STATE_3: 487
	STATE_4: 594
	UNKNOWN: 14788
Timing: 0.0009226866684254332