AUC: 0.7384484471975771
Clash royale occurrences:
	STATE_0: 2336
	STATE_1: 4509
	STATE_2: 5394
	STATE_3: 544
	UNKNOWN: 2189
Rocket league occurrences:
	STATE_0: 1518
	STATE_1: 0
	STATE_2: 0
	STATE_3: 494
	UNKNOWN: 9491
Timing: 0.0014969201418250306