AUC: 0.5382801631652165
Clash royale occurrences:
	STATE_0: 494
	STATE_1: 4702
	UNKNOWN: 964
Rocket league occurrences:
	STATE_0: 436
	STATE_1: 3131
	UNKNOWN: 1558
Timing: 0.007651578082542014