AUC: 0.5913594982995614
Clash royale occurrences:
	STATE_0: 170
	STATE_1: 1566
	STATE_2: 2571
	UNKNOWN: 335
Rocket league occurrences:
	STATE_0: 147
	STATE_1: 832
	STATE_2: 2329
	UNKNOWN: 540
Timing: 0.008817865640698294