AUC: 0.5824882629107981
Clash royale occurrences:
	STATE_0: 541
	STATE_1: 7021
	UNKNOWN: 1950
Rocket league occurrences:
	STATE_0: 491
	STATE_1: 3150
	UNKNOWN: 4329
Timing: 0.003097537779715626