AUC: 0.6625826811657922
Clash royale occurrences:
	STATE_0: 4094
	STATE_1: 4690
	STATE_2: 539
	UNKNOWN: 794
Rocket league occurrences:
	STATE_0: 2259
	STATE_1: 968
	STATE_2: 488
	UNKNOWN: 4189
Timing: 0.0027262175777971946