AUC: 0.5653781936786519
Clash royale occurrences:
	STATE_0: 2076
	STATE_1: 421
	STATE_2: 3223
	UNKNOWN: 595
Rocket league occurrences:
	STATE_0: 1653
	STATE_1: 360
	STATE_2: 1152
	UNKNOWN: 1999
Timing: 0.0022737373055967485