AUC: 0.500341856967045
Clash royale occurrences:
	STATE_0: 188
	STATE_1: 4145
	UNKNOWN: 272
Rocket league occurrences:
	STATE_0: 188
	STATE_1: 3385
	UNKNOWN: 263
Timing: 0.016736741074024626