AUC: 0.6373300970873788
Clash royale occurrences:
	STATE_0: 1.2279888785912882
	STATE_1: 42.79425393883225
	STATE_2: 27.363299351251158
	STATE_3: 2.5486561631139946
	STATE_4: 2.1547729379054683
	UNKNOWN: 23.911028730305837
Rocket league occurrences:
	STATE_0: 1.0663198959687905
	STATE_1: 21.482444733420024
	STATE_2: 31.131339401820547
	STATE_3: 3.1209362808842656
	STATE_4: 1.5604681404421328
	UNKNOWN: 41.63849154746424
Timing: 0.005333347206568115