AUC: 0.7547999999999999
Clash royale occurrences:
	STATE_0: 4.486722156163298
	STATE_1: 24.439159730479588
	STATE_2: 34.776060245739195
	STATE_3: 15.34680935394372
	UNKNOWN: 20.951248513674198
Rocket league occurrences:
	STATE_0: 5.713267608979688
	STATE_1: 5.95082551371897
	STATE_2: 26.27390426416439
	STATE_3: 11.117709941798314
	UNKNOWN: 50.944292671338644
Timing: 0.0020481508104992236