AUC: 0.9488000000000001
Clash royale occurrences:
	STATE_0: 40.04496821212591
	STATE_1: 1.6048999844937197
	STATE_2: 9.896883237711274
	STATE_3: 34.98604434796093
	STATE_4: 1.1629710032563187
	UNKNOWN: 12.304233214451852
Rocket league occurrences:
	STATE_0: 8.230344464896135
	STATE_1: 2.103602419142782
	STATE_2: 7.993689192742572
	STATE_3: 0.0
	STATE_4: 2.377070733631344
	UNKNOWN: 79.29529318958717
Timing: 0.0008803600400519937