AUC: 0.8753960396039604
Clash royale occurrences:
	STATE_0: 3.119502755951683
	STATE_1: 8.36167468042688
	STATE_2: 40.57699073531136
	STATE_3: 4.866893397443415
	STATE_4: 30.069191978421483
	UNKNOWN: 13.005746452445175
Rocket league occurrences:
	STATE_0: 3.849079567929408
	STATE_1: 30.35143769968051
	STATE_2: 10.710482275977483
	STATE_3: 6.070287539936102
	STATE_4: 0.0
	UNKNOWN: 49.018712916476495
Timing: 0.0017642631630129199