AUC: 0.8146961754999029
Clash royale occurrences:
	STATE_0: 3.833161991481862
	STATE_1: 29.75473637832281
	STATE_2: 48.40652078131884
	UNKNOWN: 18.005580848876487
Rocket league occurrences:
	STATE_0: 5.459494076208774
	STATE_1: 24.927953890489913
	STATE_2: 14.073006724303555
	UNKNOWN: 55.53954530899776
Timing: 0.001485931103253062