AUC: 0.7789
Clash royale occurrences:
	STATE_0: 21.634943504967012
	STATE_1: 66.09539698187609
	UNKNOWN: 12.269659513156897
Rocket league occurrences:
	STATE_0: 14.278995390838114
	STATE_1: 32.53692032734456
	UNKNOWN: 53.18408428181732
Timing: 0.0015695237839779541