AUC: 0.5337623762376238
Clash royale occurrences:
	STATE_0: 3.5847811744007037
	STATE_1: 91.6648339564548
	UNKNOWN: 4.750384869144491
Rocket league occurrences:
	STATE_0: 5.283706402915148
	STATE_1: 88.28735033836543
	UNKNOWN: 6.428943258719418
Timing: 0.015507484440861172