AUC: 0.7840594059405941
Clash royale occurrences:
	STATE_0: 42.098482679645
	STATE_1: 33.46693386773547
	UNKNOWN: 24.434583452619524
Rocket league occurrences:
	STATE_0: 12.549769071508202
	STATE_1: 25.87991718426501
	UNKNOWN: 61.57031374422679
Timing: 0.0014869456162265502