AUC: 0.6366622239146992
Clash royale occurrences:
	STATE_0: 1.9568916619398753
	STATE_1: 34.62847419171866
	STATE_2: 35.96142938173568
	STATE_3: 4.707884288145207
	UNKNOWN: 22.745320476460577
Rocket league occurrences:
	STATE_0: 1.4519056261343013
	STATE_1: 21.545242416385793
	STATE_2: 31.475239823697176
	STATE_3: 4.770547057298419
	UNKNOWN: 40.75706507648432
Timing: 0.009605588664885398