AUC: 0.8260765090349865
Clash royale occurrences:
	STATE_0: 4.314912944738834
	STATE_1: 37.951047186474895
	STATE_2: 39.91925309109261
	UNKNOWN: 17.814786777693666
Rocket league occurrences:
	STATE_0: 5.459494076208774
	STATE_1: 24.927953890489913
	STATE_2: 14.073006724303555
	UNKNOWN: 55.53954530899776
Timing: 0.0014991368023397557