AUC: 0.6720176872056138
Clash royale occurrences:
	STATE_0: 4.935570143447605
	STATE_1: 4.3763676148796495
	STATE_2: 39.606126914660834
	STATE_3: 31.09652321906151
	UNKNOWN: 19.985412107950403
Rocket league occurrences:
	STATE_0: 5.090628615503278
	STATE_1: 4.743540300809872
	STATE_2: 25.510991129965294
	STATE_3: 26.590821442344776
	UNKNOWN: 38.06401851137679
Timing: 0.0022594801671764818