AUC: 0.811029411764706
Clash royale occurrences:
	STATE_0: 4.548325963360708
	STATE_1: 36.74036639292483
	STATE_2: 39.07770056854075
	STATE_3: 5.281111813013266
	UNKNOWN: 14.352495262160456
Rocket league occurrences:
	STATE_0: 6.055827156599905
	STATE_1: 24.55448667402618
	STATE_2: 13.262892288282604
	STATE_3: 6.402775587446776
	UNKNOWN: 49.724018293644534
Timing: 0.0016928585135670218