AUC: 0.9012
Clash royale occurrences:
	STATE_0: 49.119563303398486
	STATE_1: 1.5979926043317487
	STATE_2: 12.453777073428421
	STATE_3: 26.435111815460466
	STATE_4: 1.3514703292833246
	UNKNOWN: 9.042084874097553
Rocket league occurrences:
	STATE_0: 8.230344464896135
	STATE_1: 2.103602419142782
	STATE_2: 7.993689192742572
	STATE_3: 0.0
	STATE_4: 2.377070733631344
	UNKNOWN: 79.29529318958717
Timing: 0.0008942271818705807