AUC: 0.7863861386138614
Clash royale occurrences:
	STATE_0: 38.49479583666934
	STATE_1: 38.67093674939952
	UNKNOWN: 22.834267413931144
Rocket league occurrences:
	STATE_0: 12.549769071508202
	STATE_1: 25.87991718426501
	UNKNOWN: 61.57031374422679
Timing: 0.0014945171391590377