AUC: 0.7608
Clash royale occurrences:
	STATE_0: 2.666666666666667
	STATE_1: 15.2183908045977
	STATE_2: 42.13026819923372
	STATE_3: 8.07662835249042
	UNKNOWN: 31.908045977011497
Rocket league occurrences:
	STATE_0: 2.8150611711604703
	STATE_1: 5.95082551371897
	STATE_2: 26.27390426416439
	STATE_3: 6.0102149899037896
	UNKNOWN: 58.94999406105238
Timing: 0.0020635755500689567