AUC: 0.6742
Clash royale occurrences:
	STATE_0: 78.94736842105263
	STATE_1: 2.719298245614035
	UNKNOWN: 18.333333333333332
Rocket league occurrences:
	STATE_0: 45.894004598243235
	STATE_1: 3.501739079172316
	UNKNOWN: 50.60425632258445
Timing: 0.0009577410142513092