AUC: 0.7343627450980392
Clash royale occurrences:
	STATE_0: 36.176113711215116
	STATE_1: 3.761483792685041
	STATE_2: 44.35777431097244
	UNKNOWN: 15.704628185127406
Rocket league occurrences:
	STATE_0: 32.01006971340046
	STATE_1: 5.209140201394268
	STATE_2: 22.30828814872192
	UNKNOWN: 40.47250193648335
Timing: 0.0021448177373606958