AUC: 0.76255
Clash royale occurrences:
	STATE_0: 2.638177259348087
	STATE_1: 24.648424724735637
	STATE_2: 32.323122206475524
	STATE_3: 14.80431701733348
	STATE_4: 4.4696391583996515
	UNKNOWN: 21.11631963370762
Rocket league occurrences:
	STATE_0: 3.1353919239904986
	STATE_1: 5.510688836104513
	STATE_2: 26.270783847981
	STATE_3: 5.605700712589074
	STATE_4: 5.201900237529691
	UNKNOWN: 54.27553444180523
Timing: 0.002118554986746918