AUC: 0.5301960784313725
Clash royale occurrences:
	STATE_0: 61.851211072664356
	STATE_1: 5.565167243367935
	UNKNOWN: 32.583621683967706
Rocket league occurrences:
	STATE_0: 59.26851431167651
	STATE_1: 4.861426624261699
	UNKNOWN: 35.870059064061785
Timing: 0.005616647821869372