AUC: 0.7931553398058252
Clash royale occurrences:
	STATE_0: 4.20278929513758
	STATE_1: 5.427817565020731
	STATE_2: 33.339615529589146
	STATE_3: 31.379570297776105
	STATE_4: 13.965322276667925
	UNKNOWN: 11.684885035808518
Rocket league occurrences:
	STATE_0: 4.886860619889713
	STATE_1: 5.457311275907967
	STATE_2: 21.71515497242822
	STATE_3: 28.047157254230843
	STATE_4: 0.7035558090891805
	UNKNOWN: 39.18996006845408
Timing: 0.0019035685213023834