AUC: 0.6545544554455445
Clash royale occurrences:
	STATE_0: 84.01960784313725
	STATE_1: 3.8935574229691876
	UNKNOWN: 12.086834733893557
Rocket league occurrences:
	STATE_0: 61.09268292682927
	STATE_1: 3.84390243902439
	UNKNOWN: 35.06341463414634
Timing: 0.0069821093388332325