AUC: 0.6760891089108911
Clash royale occurrences:
	STATE_0: 4.689354966363276
	STATE_1: 4.2342698852394145
	STATE_2: 39.53304313415117
	STATE_3: 35.1206964780372
	UNKNOWN: 16.422635536208944
Rocket league occurrences:
	STATE_0: 5.090628615503278
	STATE_1: 4.743540300809872
	STATE_2: 25.510991129965294
	STATE_3: 26.590821442344776
	UNKNOWN: 38.06401851137679
Timing: 0.002260353087075627