AUC: 0.6865503382021371
Clash royale occurrences:
	STATE_0: 37.62422001386642
	STATE_1: 34.13450427547955
	STATE_2: 4.668361451351976
	UNKNOWN: 23.57291425930206
Rocket league occurrences:
	STATE_0: 23.593466424682397
	STATE_1: 31.533575317604356
	STATE_2: 3.0852994555353903
	UNKNOWN: 41.78765880217786
Timing: 0.0047448461803841