AUC: 0.7515686274509803
Clash royale occurrences:
	STATE_0: 4.133443314086701
	STATE_1: 24.342406745486205
	STATE_2: 34.8180735038035
	STATE_3: 15.012372834753918
	UNKNOWN: 21.693703601869675
Rocket league occurrences:
	STATE_0: 5.713267608979688
	STATE_1: 5.95082551371897
	STATE_2: 26.27390426416439
	STATE_3: 11.117709941798314
	UNKNOWN: 50.944292671338644
Timing: 0.0020538468048833646