AUC: 0.7219
Clash royale occurrences:
	STATE_0: 88.47038263428992
	STATE_1: 2.35467255334805
	UNKNOWN: 9.17494481236203
Rocket league occurrences:
	STATE_0: 45.894004598243235
	STATE_1: 3.501739079172316
	UNKNOWN: 50.60425632258445
Timing: 0.0010225270735229476