AUC: 0.513921568627451
Clash royale occurrences:
	STATE_0: 5.792276964047936
	STATE_1: 87.98268974700399
	UNKNOWN: 6.225033288948069
Rocket league occurrences:
	STATE_0: 5.335762623633524
	STATE_1: 88.28735033836543
	UNKNOWN: 6.376887038001041
Timing: 0.015882449413282044