AUC: 0.6042071197411003
Clash royale occurrences:
	STATE_0: 1.146131805157593
	STATE_1: 39.57338427252468
	STATE_2: 27.093282394141994
	STATE_3: 3.0563514804202483
	STATE_4: 1.1142948105698822
	UNKNOWN: 28.01655523718561
Rocket league occurrences:
	STATE_0: 0.9102730819245773
	STATE_1: 21.482444733420024
	STATE_2: 31.131339401820547
	STATE_3: 3.1209362808842656
	STATE_4: 1.0403120936280885
	UNKNOWN: 42.314694408322495
Timing: 0.0054001726459884675