AUC: 0.8155339805825241
Clash royale occurrences:
	STATE_0: 6.888323258033726
	STATE_1: 44.22526248806872
	STATE_2: 3.3566656061088134
	STATE_3: 31.021317212853962
	UNKNOWN: 14.508431434934776
Rocket league occurrences:
	STATE_0: 15.651781686964366
	STATE_1: 21.94406856111863
	STATE_2: 2.616147947677041
	STATE_3: 19.66621560667569
	UNKNOWN: 40.121786197564276
Timing: 0.002593770049672761