AUC: 0.63165
Clash royale occurrences:
	STATE_0: 2.063895957025728
	STATE_1: 41.05173876166243
	STATE_2: 29.17726887192536
	UNKNOWN: 27.707096409386484
Rocket league occurrences:
	STATE_0: 2.419984387197502
	STATE_1: 22.690606297163672
	STATE_2: 31.147540983606557
	UNKNOWN: 43.74186833203227
Timing: 0.004648225534732099