AUC: 0.8109105028149874
Clash royale occurrences:
	STATE_0: 4.234912203039693
	STATE_1: 32.0348236682898
	STATE_2: 44.16408440312823
	UNKNOWN: 19.566179725542277
Rocket league occurrences:
	STATE_0: 5.459494076208774
	STATE_1: 24.927953890489913
	STATE_2: 14.073006724303555
	UNKNOWN: 55.53954530899776
Timing: 0.001490583083525363