AUC: 0.6102
Clash royale occurrences:
	STATE_0: 68.43566296538211
	STATE_1: 2.9474199869366426
	UNKNOWN: 28.616917047681255
Rocket league occurrences:
	STATE_0: 45.894004598243235
	STATE_1: 3.501739079172316
	UNKNOWN: 50.60425632258445
Timing: 0.0010499688152004192