AUC: 0.5116336633663366
Clash royale occurrences:
	STATE_0: 10.931796349663784
	STATE_1: 29.497278258085174
	STATE_2: 19.987191802753763
	STATE_3: 20.999039385206533
	STATE_4: 1.9276336855587575
	UNKNOWN: 16.65706051873199
Rocket league occurrences:
	STATE_0: 7.774256030991372
	STATE_1: 7.404472618418735
	STATE_2: 0.11445677055819686
	STATE_3: 55.273815812643065
	STATE_4: 2.1746786406057406
	UNKNOWN: 27.258320126782888
Timing: 0.0014277489400141802