AUC: 0.5086756200372513
Clash royale occurrences:
	STATE_0: 32.54914099984523
	STATE_1: 3.791982665222102
	UNKNOWN: 63.65887633493267
Rocket league occurrences:
	STATE_0: 29.834146341463413
	STATE_1: 3.8048780487804876
	UNKNOWN: 66.3609756097561
Timing: 0.006991681075853386