AUC: 0.8552643981525121
Clash royale occurrences:
	STATE_0: 1.7386530014641288
	STATE_1: 22.895314787701317
	STATE_2: 3.4407027818448026
	STATE_3: 32.0095168374817
	STATE_4: 35.39531478770132
	UNKNOWN: 4.520497803806735
Rocket league occurrences:
	STATE_0: 2.269152999325994
	STATE_1: 12.10963828353179
	STATE_2: 2.6286227813974388
	STATE_3: 19.613569984273198
	STATE_4: 32.19501235677376
	UNKNOWN: 31.184003594697824
Timing: 0.004384169313432901