AUC: 0.8065461885994424
Clash royale occurrences:
	STATE_0: 7.7199712299208825
	STATE_1: 49.604411412131384
	STATE_2: 2.7091824502517383
	STATE_3: 24.742268041237114
	UNKNOWN: 15.224166866458882
Rocket league occurrences:
	STATE_0: 17.117726657645466
	STATE_1: 21.94406856111863
	STATE_2: 2.616147947677041
	STATE_3: 19.66621560667569
	UNKNOWN: 38.655841226883176
Timing: 0.0025025116516855647