AUC: 0.8327227722772276
Clash royale occurrences:
	STATE_0: 20.058446807187714
	STATE_1: 28.5083628676242
	STATE_2: 24.441957346266243
	STATE_3: 16.365106012559846
	UNKNOWN: 10.626126966361998
Rocket league occurrences:
	STATE_0: 12.545544882411393
	STATE_1: 7.47764160317986
	STATE_2: 0.0
	STATE_3: 35.01159324279563
	UNKNOWN: 44.96522027161311
Timing: 0.0012354981979907156