AUC: 0.6937000000000001
Clash royale occurrences:
	STATE_0: 81.71974522292994
	STATE_1: 2.3566878980891723
	UNKNOWN: 15.92356687898089
Rocket league occurrences:
	STATE_0: 45.894004598243235
	STATE_1: 3.501739079172316
	UNKNOWN: 50.60425632258445
Timing: 0.000960248164355497