AUC: 0.8363366336633663
Clash royale occurrences:
	STATE_0: 19.308843155159092
	STATE_1: 31.12312987286647
	STATE_2: 24.83669312355131
	STATE_3: 15.593172718971694
	UNKNOWN: 9.13816112945143
Rocket league occurrences:
	STATE_0: 12.545544882411393
	STATE_1: 7.47764160317986
	STATE_2: 0.0
	STATE_3: 35.01159324279563
	UNKNOWN: 44.96522027161311
Timing: 0.001248564350068394