AUC: 0.7454455445544554
Clash royale occurrences:
	STATE_0: 5.439668088048865
	STATE_1: 20.813645269102224
	STATE_2: 36.2798202143598
	STATE_3: 12.423648726518383
	UNKNOWN: 25.043217701970725
Rocket league occurrences:
	STATE_0: 5.713267608979688
	STATE_1: 5.95082551371897
	STATE_2: 26.27390426416439
	STATE_3: 6.0102149899037896
	UNKNOWN: 56.05178762323316
Timing: 0.002104808908981823