AUC: 0.8435399551904407
Clash royale occurrences:
	STATE_0: 2.9097387173396676
	STATE_1: 2.3950910530482976
	STATE_2: 25.890736342042754
	STATE_3: 34.99604117181314
	STATE_4: 26.128266033254157
	UNKNOWN: 7.68012668250198
Rocket league occurrences:
	STATE_0: 4.886860619889713
	STATE_1: 4.525575204411485
	STATE_2: 21.71515497242822
	STATE_3: 28.047157254230843
	STATE_4: 0.9697661152310325
	UNKNOWN: 39.85548583380871
Timing: 0.0019408249027852236