AUC: 0.8091632692681033
Clash royale occurrences:
	STATE_0: 4.715587293770007
	STATE_1: 37.03521300172372
	STATE_2: 38.808175326274316
	STATE_3: 5.478946072395961
	UNKNOWN: 13.962078305836002
Rocket league occurrences:
	STATE_0: 6.055827156599905
	STATE_1: 24.55448667402618
	STATE_2: 13.262892288282604
	STATE_3: 6.402775587446776
	UNKNOWN: 49.724018293644534
Timing: 0.0016792853826848703