AUC: 0.7051000000000001
Clash royale occurrences:
	STATE_0: 83.94218942189423
	STATE_1: 2.164821648216482
	UNKNOWN: 13.892988929889299
Rocket league occurrences:
	STATE_0: 45.894004598243235
	STATE_1: 3.501739079172316
	UNKNOWN: 50.60425632258445
Timing: 0.0009915364205264675