AUC: 0.7044748592506309
Clash royale occurrences:
	STATE_0: 87.01456310679612
	STATE_1: 4.348705501618123
	UNKNOWN: 8.63673139158576
Rocket league occurrences:
	STATE_0: 59.26851431167651
	STATE_1: 4.861426624261699
	UNKNOWN: 35.870059064061785
Timing: 0.005580822840543134