AUC: 0.7164999999999999
Clash royale occurrences:
	STATE_0: 5.783065855008301
	STATE_1: 75.13373916251615
	UNKNOWN: 19.083194982475558
Rocket league occurrences:
	STATE_0: 6.160602258469259
	STATE_1: 39.52321204516939
	UNKNOWN: 54.31618569636135
Timing: 0.003056478685203476