AUC: 0.7138999999999999
Clash royale occurrences:
	STATE_0: 5.519939150277083
	STATE_1: 74.24752798000652
	UNKNOWN: 20.232532869716398
Rocket league occurrences:
	STATE_0: 6.160602258469259
	STATE_1: 39.52321204516939
	UNKNOWN: 54.31618569636135
Timing: 0.0029954743065073635