AUC: 0.7744059405940594
Clash royale occurrences:
	STATE_0: 35.1869918699187
	STATE_1: 38.3089430894309
	UNKNOWN: 26.504065040650403
Rocket league occurrences:
	STATE_0: 12.549769071508202
	STATE_1: 25.87991718426501
	UNKNOWN: 61.57031374422679
Timing: 0.0014683210764795504