AUC: 0.8246
Clash royale occurrences:
	STATE_0: 21.66137497570142
	STATE_1: 2.041080800881229
	STATE_2: 6.628652886671419
	STATE_3: 39.305384565541374
	STATE_4: 1.8207736668178578
	UNKNOWN: 28.542733104386702
Rocket league occurrences:
	STATE_0: 8.230344464896135
	STATE_1: 2.103602419142782
	STATE_2: 7.993689192742572
	STATE_3: 0.0
	STATE_4: 2.377070733631344
	UNKNOWN: 79.29529318958717
Timing: 0.0008880361677366068