AUC: 0.8418316831683168
Clash royale occurrences:
	STATE_0: 1.5665458311755567
	STATE_1: 13.011393060590368
	STATE_2: 36.36716727084412
	STATE_3: 6.175556706369757
	STATE_4: 26.333505955463494
	UNKNOWN: 16.545831175556707
Rocket league occurrences:
	STATE_0: 0.8976114407424312
	STATE_1: 30.35143769968051
	STATE_2: 10.710482275977483
	STATE_3: 6.070287539936102
	STATE_4: 0.0
	UNKNOWN: 51.97018104366348
Timing: 0.0017470055286548816