AUC: 0.7342822132151947
Clash royale occurrences:
	STATE_0: 1.6526138279932545
	STATE_1: 20.438448566610457
	STATE_2: 3.777403035413154
	STATE_3: 25.430016863406408
	STATE_4: 33.827993254637434
	UNKNOWN: 14.873524451939291
Rocket league occurrences:
	STATE_0: 1.550213435183105
	STATE_1: 12.10963828353179
	STATE_2: 2.6286227813974388
	STATE_3: 19.613569984273198
	STATE_4: 32.19501235677376
	UNKNOWN: 31.902943158840706
Timing: 0.004588737458335264