AUC: 0.625412385710246
Clash royale occurrences:
	STATE_0: 1.2150324950551004
	STATE_1: 33.3144956202317
	STATE_2: 35.82933031929924
	STATE_3: 2.938683243854196
	STATE_4: 2.2322690025430916
	UNKNOWN: 24.470189319016672
Rocket league occurrences:
	STATE_0: 0.9102730819245773
	STATE_1: 21.482444733420024
	STATE_2: 31.131339401820547
	STATE_3: 3.1209362808842656
	STATE_4: 1.5604681404421328
	UNKNOWN: 41.79453836150845
Timing: 0.005247483278859262