AUC: 0.5034266133637921
Clash royale occurrences:
	STATE_0: 57.645305514157975
	STATE_1: 5.543964232488823
	UNKNOWN: 36.8107302533532
Rocket league occurrences:
	STATE_0: 59.26851431167651
	STATE_1: 4.861426624261699
	UNKNOWN: 35.870059064061785
Timing: 0.00558524080464472