AUC: 0.6114346728790525
Clash royale occurrences:
	STATE_0: 2.009777294948398
	STATE_1: 30.282455187398156
	STATE_2: 38.32156436719175
	STATE_3: 5.051602390005431
	UNKNOWN: 24.334600760456272
Rocket league occurrences:
	STATE_0: 1.1407829919626653
	STATE_1: 21.545242416385793
	STATE_2: 31.475239823697176
	STATE_3: 4.770547057298419
	UNKNOWN: 41.06818771065595
Timing: 0.00961083423057307