AUC: 0.7694059405940594
Clash royale occurrences:
	STATE_0: 2.3647974456196366
	STATE_1: 32.658152065456
	STATE_2: 40.85012971462782
	UNKNOWN: 24.126920774296547
Rocket league occurrences:
	STATE_0: 3.0007501875468865
	STATE_1: 7.201800450112527
	STATE_2: 27.656914228557138
	UNKNOWN: 62.140535133783445
Timing: 0.0023821393805349284